port    time
bits    us
----------------
got
----------------
2233
----------------
0101    50
1110    100
1101    150
0011    200
0100    250
1111    300
1101    350

need
------------------------------------
2233            orig    mask
------------------------------------
0101    50      0101    0000
1010    100     1110    1010
0001    150     1101    00
0010    200     0011
0100    250     0100
1011    300     1111
0000    350     1101

x2
----------------
4466
----------------
0101    50
0000    50 + 50/3*1
0101    50 + 50/3*2
1010    100
0000    100 + 50/3*1
1010    100 + 50/3*2
0001    150
0000    ,,
0001    ,,
0010    200
0000
0010
0100    250
0000
0100
1011    300
0000
1011
0000    350
0000
0000


X
000011110000111100000000111100000000000011110000
000010000000100000000000100000000000000010000000
0   1   0   1   0       1   0           1   0
0   50  100 200 150     350 400         550 600

Y
001111000000000000111100000000000011110000000000
001000000000000000100000000000000010000000000000
0 1   0           1   0           1   0
0 25  75          225 275         425 475
